7736526966
5024112739
7702736362
6901075108
7706185250
5519007832
7723577480
5225002528
5225004998
5452113400
5722033212
7730044003
7709067819
7718217919
7723731118
7709614571
3328448582
3528008444
9715334311
7811314025
2450027430
5116001041
2455027641
7536076741
5042000019
1808206100
7704673090
5029047378
7325086155
7202215788
5190929238
7813284376
7718638385
5319005179
7722690660
6646015316
7734008581
306229060
7813470118
7813443107
5044016938
1328001381
7524015624
7718824504
6452942590
276141418
5406117859
7725054091
6168000354
6165155737
6501176479
5110002360
5116000908
5432213260
1207011868
5024122381
5410030424
5261090456
6501088913
2724110523
6164274114
4824097291
7743698236
7801376512
7725114625
6311092735
7704727187
5032168904
5192110518
5322010620
5115000165
6312118506
6313535005
2804013927
4101054497
7602073337
5012025400
1838006108
6602012420
5905280018
6318005315
5072724361
7703062780
6674331056
5018095563
7729634801
7718765464
2225059141
4720033695
4205019754
5045057599
5408272659
7841355702
3913501370
7718768017
7712017102
7326026864
7703232350
7719800591
3664113159
7723328477
2340020470
7711024851
7704859144
7816381466
7843309645
5262240714
5190904177
3661047412
5024060150
7842422895
4725481228
7719181817
2725078713
7843311429
7801497725
2723120310
5001000115
2424000079
7719853579
6713001801
7724076110
2804013941
4028047045
7610084068
3233502418
5110002377
5002092567
5028002208
2461204401
7721062077
7743505572
7726545254
7017363083
7704174983
7444061801
7724583582
2206003619
7743869604
5407198297
5606100002
7716183598
542027556
7743936811
7723161330
8300003656
4205193689
4205045458
2538039802
5260239760
6323028854
2308075080
7702604775
6205101681
7702704025
1655272335
3808216630
3812091624
1659057201
5263044014
5902150349
5904650033
5029084059
2503002142
5012047330
7705486449
4205159744
5753037150
1660089102
7710243385
2625031084
6671260858
7702539117
5002002644
5024056548
3443925755
5022026643
4703002168
5031072565
6165152285
7704003339
1101030740
5503052484
2130016527
3662052775
7453091351
3305798291
8616008450
3123108970
3906226588
5504074850
7716194896
7714662309
2309139386
5406537099
5406562070
7728568761
4202015416
3528197907
255013951
3666138215
2310093979
7701928760
4206032980
1435025429
323348878
4632100529
2310004986
7716771279
4345049357
3905073681
7734641515
3906078315
9102015637
8602168132
7715577663
261012949
2308035930
4217078730
4205127140
4208013662
4205036421
7610005644
7816495600
7722332079
3912000035
3820014782
105070365
7825482809
7710285667
7825330108
